2020-02-15_12:21:00 3 29 0.1653
2020-02-15_12:22:00 4 23 0.1311
2020-02-15_12:23:00 5 21 0.1197
2020-02-15_12:24:00 6 19 0.1083
2020-02-15_12:25:00 7 18 0.1026
2020-02-15_12:26:00 8 28 0.1596
2020-02-15_12:27:00 9 25 0.1425
2020-02-15_12:28:00 10 26 0.1482
2020-02-15_12:29:00 11 26 0.1482
2020-02-15_12:30:00 12 20 0.114
2020-02-15_12:31:00 13 29 0.1653
2020-02-15_12:32:00 14 22 0.1254
2020-02-15_12:33:00 15 28 0.1596
2020-02-15_12:34:00 16 25 0.1425
2020-02-15_12:35:00 17 21 0.1197
2020-02-15_12:36:00 18 12 0.0684
2020-02-15_12:37:00 19 21 0.1197
2020-02-15_12:38:00 20 17 0.0969
2020-02-15_12:39:00 21 27 0.1539
2020-02-15_12:40:00 22 23 0.1311
2020-02-15_12:41:00 23 22 0.1254
2020-02-15_12:42:00 24 22 0.1254
2020-02-15_12:43:00 25 22 0.1254
2020-02-15_12:44:00 26 29 0.1653
2020-02-15_12:45:00 27 20 0.114
2020-02-15_12:46:00 28 17 0.0969
2020-02-15_12:47:00 29 24 0.1368
2020-02-15_12:48:00 30 28 0.1596
2020-02-15_12:49:00 31 35 0.1995
2020-02-15_12:50:00 32 19 0.1083
2020-02-15_12:51:00 33 24 0.1368
2020-02-15_12:52:00 34 20 0.114
2020-02-15_12:53:00 35 15 0.0855
2020-02-15_12:54:00 36 34 0.1938
2020-02-15_12:55:00 37 22 0.1254
2020-02-15_12:56:00 38 27 0.1539
2020-02-15_12:57:00 39 19 0.1083
2020-02-15_12:58:00 40 22 0.1254
2020-02-15_12:59:00 41 23 0.1311
2020-02-15_13:00:00 42 21 0.1197
2020-02-15_13:01:00 43 31 0.1767
